image_width: 640
image_height: 480
camera_name: camera
camera_matrix:
  rows: 3
  cols: 3
  data: [218.559986, 0.000000, 316.107850, 0.000000, 218.252404, 230.448980, 0.000000, 0.000000, 1.000000]
distortion_model: plumb_bob
distortion_coefficients:
  rows: 1
  cols: 5
  data: [-0.083966, 0.003968, 0.000291, -0.000523, 0.000000]
rectification_matrix:
  rows: 3
  cols: 3
  data: [1.000000, 0.000000, 0.000000, 0.000000, 1.000000, 0.000000, 0.000000, 0.000000, 1.000000]
projection_matrix:
  rows: 3
  cols: 4
  data: [159.421570, 0.000000, 308.478543, 0.000000, 0.000000, 191.052338, 227.114223, 0.000000, 0.000000, 0.000000, 1.000000, 0.000000]
