image_width: 640
image_height: 480
camera_name: camera
camera_matrix:
  rows: 3
  cols: 3
  data: [443.785914, 0.000000, 301.312802, 0.000000, 443.871656, 244.747010, 0.000000, 0.000000, 1.000000]
distortion_model: plumb_bob
distortion_coefficients:
  rows: 1
  cols: 5
  data: [-0.348363, 0.098573, 0.000801, -0.000664, 0.000000]
rectification_matrix:
  rows: 3
  cols: 3
  data: [1.000000, 0.000000, 0.000000, 0.000000, 1.000000, 0.000000, 0.000000, 0.000000, 1.000000]
projection_matrix:
  rows: 3
  cols: 4
  data: [340.746979, 0.000000, 287.795779, 0.000000, 0.000000, 390.727203, 246.195888, 0.000000, 0.000000, 0.000000, 1.000000, 0.000000]
